1.479818945631218019e-01,8.525234130550836398e-02,9.394605078000803355e-02,8.084020641540509700e-02,1.191755188194891374e-01,1.190192323951890785e-01,8.330657950272062073e-02,8.695011482144045234e-02,7.163927241976708604e-02,1.118887889773503008e-01
1.336736853337079090e-01,9.960495459193852152e-02,8.353159391901028574e-02,8.610400987573010867e-02,1.204473050647299343e-01,9.418183285819756168e-02,8.592420364609200389e-02,7.336210975098726716e-02,9.896265705373732957e-02,1.242076479058691202e-01
1.155478435786243124e-01,1.269276299269433972e-01,7.573212164440118466e-02,8.997125905019937031e-02,1.318518107411463525e-01,1.231193999461341476e-01,8.505364530847266125e-02,7.641435182794090175e-02,7.765703023388301207e-02,9.772490774225466026e-02
1.660399285818359993e-01,9.157712925956713879e-02,8.101312700258939126e-02,7.445202363703833093e-02,1.431262285197774931e-01,1.255956961668915628e-01,7.555807726209737285e-02,7.118017634085634093e-02,6.223556525804858214e-02,1.092220479712977393e-01
1.234662512527681943e-01,9.760340194162858696e-02,9.015306031892018901e-02,8.225570972067255959e-02,1.138053680540351137e-01,1.085602123948525843e-01,7.422242453161176368e-02,8.630750921805020737e-02,1.016428374088104852e-01,1.219832251586503158e-01
1.051632720390535819e-01,9.093857522692591622e-02,1.038137914832943931e-01,8.658479505627041106e-02,1.114083243834559922e-01,9.965305996111059605e-02,9.836194668741063407e-02,9.033226691001297604e-02,1.032822305463218376e-01,1.104617377061436478e-01
1.277068874786484176e-01,1.003855023615674580e-01,7.957535320808138690e-02,8.793075624838882220e-02,1.214408296083868827e-01,1.343985468932383243e-01,6.988078675504748316e-02,7.803428150434137123e-02,7.063524932091570785e-02,1.300118066213841739e-01
1.562312850906522055e-01,9.660847154099154455e-02,7.328695876222941774e-02,9.061283128606477388e-02,1.084695983422995641e-01,1.060808659191043030e-01,7.687568342410713851e-02,7.742163616978087193e-02,7.446651731978130850e-02,1.399461521449888723e-01
1.296600855418814369e-01,9.344406548999649453e-02,8.990182072911546973e-02,9.078409193526730536e-02,1.076885372544591907e-01,1.144402224713121224e-01,8.690507740492223188e-02,8.042817641462957079e-02,7.827846359276233179e-02,1.284694591656538321e-01
1.325124921213783613e-01,1.322044705763246453e-01,8.120268771348865267e-02,6.973966068830611542e-02,1.403643605921956194e-01,1.203949743452935733e-01,7.838283293539227703e-02,7.526103987576397703e-02,7.118375984929582734e-02,9.875372130256095116e-02
1.154734906617224527e-01,1.094284814953653401e-01,8.581520875261547388e-02,8.882961233083257191e-02,1.441543316125476759e-01,1.074712058929227776e-01,7.333090351172287524e-02,6.843679118055590038e-02,8.458008302060697481e-02,1.224798915411080130e-01
0.000000000000000000e+00,1.000000000000000000e+00,0.000000000000000000e+00,0.000000000000000000e+00,0.000000000000000000e+00,0.000000000000000000e+00,0.000000000000000000e+00,0.000000000000000000e+00,0.000000000000000000e+00,0.000000000000000000e+00
1.264783349544162383e-01,8.708342083411046985e-02,7.987972257962898393e-02,9.403427468414740642e-02,1.290337598199788882e-01,1.207242951911832451e-01,8.179343270257427578e-02,7.119856079367956059e-02,7.299270677022247356e-02,1.367814916700584305e-01
1.735989967940115841e-01,9.712683353163525934e-02,7.005805907098029695e-02,7.568259668309534893e-02,1.317754798232328994e-01,1.218148188658388364e-01,6.897458477156803713e-02,7.005493999591425047e-02,6.238863257273254831e-02,1.285250578909909736e-01
1.514354107070320643e-01,9.697743048070360528e-02,7.098000997334016904e-02,8.374243327527704228e-02,1.215579689696092008e-01,1.284431388154589071e-01,6.261485454313377164e-02,6.969038816990529017e-02,6.805633569082704393e-02,1.465020293747129054e-01
1.224034929415047379e-01,1.189267879900576391e-01,8.182543560464615451e-02,7.966667443882924360e-02,1.326062326800135083e-01,9.932879483363028783e-02,7.354168875029924723e-02,8.034522414055336736e-02,9.279158305903303927e-02,1.185640855614327194e-01
1.205408049062431097e-01,1.221982738759187781e-01,8.013981254152950651e-02,8.853790102472282320e-02,1.272440548074007804e-01,1.032471521489921468e-01,8.395247118532171704e-02,8.231845781287280839e-02,8.699070603525567436e-02,1.048303656617426693e-01
1.594112538548366764e-01,1.037446268918821302e-01,7.958543948286513070e-02,7.686109448259521859e-02,1.326066868006897936e-01,1.163802908961877047e-01,6.676065645425029171e-02,7.362125263481483772e-02,7.040232115368975918e-02,1.206263773481884710e-01
1.455014146453666724e-01,1.092857132929202363e-01,7.751488790688773611e-02,7.499039099761968530e-02,1.368177878571206763e-01,1.581965491933697843e-01,6.860272221558431915e-02,6.695536234600434067e-02,6.146427781390396278e-02,1.006708937312225799e-01
1.575848740578006668e-01,9.612618539759919256e-02,6.815440169800464354e-02,9.179947121506633334e-02,1.268398813241954637e-01,1.022176837778323716e-01,8.030276092016352951e-02,6.640552555175092964e-02,7.087876821374071434e-02,1.396904478438461550e-01
1.265271635264166306e-01,1.284141008036616960e-01,7.672606883698503133e-02,8.102908904208151741e-02,1.361367645781175473e-01,9.980866243882505207e-02,7.541062044784346829e-02,7.646077697375877613e-02,8.431534290938831611e-02,1.151714104429219787e-01
1.240574139464662579e-01,9.651189548082067526e-02,7.815972103269878957e-02,8.079436489693814227e-02,1.320033554700598966e-01,1.078709822931904899e-01,7.195454951961265111e-02,7.556236456374976207e-02,8.582450804277434731e-02,1.472608447536889464e-01
1.170740623393291407e-01,1.356833051422794423e-01,8.432583772636714770e-02,8.266892428910001256e-02,1.194726298692252858e-01,1.015467329745899649e-01,7.678072318306947142e-02,8.213464691470601098e-02,9.463206847955661638e-02,1.056810690817769349e-01
1.636491926300631394e-01,9.559992582055096277e-02,7.300521273003886258e-02,7.923660119208375541e-02,1.458169201501745837e-01,1.194982669324409497e-01,6.415610747768607514e-02,6.793639600031808889e-02,6.519987483452081845e-02,1.259015022321227639e-01
1.167248418221914913e-01,1.162761136041299270e-01,8.817457362419253708e-02,8.360176943783065306e-02,1.175149279775077188e-01,9.513341507234610028e-02,8.578096915357349972e-02,8.530807064723182342e-02,9.996751210600340887e-02,1.115178065549928405e-01
1.000000000000000000e+00,0.000000000000000000e+00,0.000000000000000000e+00,0.000000000000000000e+00,0.000000000000000000e+00,0.000000000000000000e+00,0.000000000000000000e+00,0.000000000000000000e+00,0.000000000000000000e+00,0.000000000000000000e+00
1.212541162318971771e-01,1.179677146055685133e-01,8.870810151399860510e-02,8.465037156784410710e-02,1.379761476123750885e-01,1.052957632547318750e-01,8.159455800575994566e-02,7.848509714761231493e-02,8.011530735972892392e-02,1.039528227004834771e-01
1.149214482706084478e-01,1.380395980245402721e-01,7.754740651363978277e-02,7.932538848473685844e-02,1.161085385438506423e-01,1.515592590397731587e-01,7.477297587226568176e-02,7.874285860030887096e-02,6.619962216112640352e-02,1.027829044891498816e-01
1.260478501964719666e-01,1.122527852120434599e-01,8.332504340519396313e-02,8.650144144284327430e-02,1.359073716648074859e-01,9.826192238967682013e-02,7.453757423430380780e-02,8.089339485222661608e-02,8.702982045781673670e-02,1.152427961446158555e-01
1.346370392856404696e-01,8.933636634424030332e-02,8.078731702680047588e-02,9.490821449245197272e-02,1.076700943640945679e-01,9.905382963094953863e-02,7.899647721424012115e-02,7.418655180498145985e-02,8.236089572545260418e-02,1.580632141111485145e-01
1.293365074603193554e-01,1.162184750455533266e-01,8.617881779992375701e-02,8.377874964735800012e-02,1.345801374134235340e-01,1.153337482633317729e-01,8.753593494591983826e-02,7.733493088830196982e-02,6.882398600273946510e-02,1.008787125331289669e-01
1.250558337675616305e-01,1.579744178510332220e-01,7.916068139477545895e-02,7.487771078679882064e-02,1.273669308163486169e-01,1.214651500532444028e-01,7.259461671886281720e-02,7.096882098749111856e-02,7.480828074849350806e-02,9.572755687539040437e-02
1.346590004964024478e-01,1.246087883333490687e-01,8.107422864882689317e-02,7.464862620468989962e-02,1.444182112729102685e-01,1.017441380729468547e-01,7.738004913411579422e-02,7.769558964548377300e-02,7.881542695840404456e-02,1.049559412328710112e-01
1.094885648493025276e-01,1.074703254685139414e-01,1.033831212334266475e-01,9.547845225112103207e-02,1.046281017746069908e-01,1.199390509476535166e-01,8.673660251725025250e-02,9.325396037813871164e-02,9.210229977596355588e-02,8.751952080402286560e-02
1.215417915876611105e-01,9.199681769701910372e-02,9.755194222378597846e-02,8.011647394813196932e-02,1.077492248247352707e-01,9.943360119523211860e-02,8.619542492153531299e-02,1.009166502450021125e-01,1.054404298414085006e-01,1.090576435154885365e-01
0.000000000000000000e+00,0.000000000000000000e+00,0.000000000000000000e+00,0.000000000000000000e+00,0.000000000000000000e+00,0.000000000000000000e+00,0.000000000000000000e+00,0.000000000000000000e+00,0.000000000000000000e+00,1.000000000000000000e+00
1.827088721514541769e-01,9.286893028478659939e-02,8.135673835134236975e-02,7.459770359900476377e-02,1.191475619555512483e-01,1.286424939897865549e-01,6.735428160523823649e-02,7.467019959287023168e-02,6.526351278425042424e-02,1.133897056857153113e-01
1.298273851092597853e-01,1.294350889067197030e-01,8.253564064277371659e-02,8.199621547466122429e-02,1.247983152619087238e-01,9.812996397971142370e-02,8.166993455910503963e-02,8.096924695086928081e-02,8.491591651425144105e-02,1.057222926007396896e-01
1.361604972254030488e-01,9.595059605988960627e-02,7.796229588583702963e-02,7.827826793321622512e-02,1.453100617021053087e-01,1.044069202640367094e-01,7.191586278035930202e-02,6.934971280898234725e-02,7.797015716633436122e-02,1.426956281738360199e-01
1.334995457525816609e-01,1.118764331611867974e-01,9.038778655391574435e-02,7.735956625088789840e-02,1.270151788241611346e-01,1.016164544800720188e-01,7.518801047867498810e-02,8.186599191144923460e-02,9.160112572819316401e-02,1.095899068588773589e-01
1.218439357868394829e-01,1.345911615339788758e-01,7.092239876580896940e-02,7.347017811744074867e-02,1.296935674872600475e-01,1.552230368462265142e-01,7.061109185730531090e-02,7.201496110714206145e-02,6.164018382666165002e-02,1.099894846713363600e-01
1.286065899964068948e-01,1.179196678055842717e-01,8.337227223954574162e-02,7.431326619065198313e-02,1.389521503297808380e-01,1.090120607684463699e-01,8.067094279585919347e-02,7.902322497816842428e-02,8.805311244349263433e-02,1.000767124520636486e-01
1.333544251218574117e-01,1.078920025650737802e-01,8.066726934212369027e-02,7.393110730958836474e-02,1.474667211836251934e-01,1.007379439069419347e-01,8.000553009751044942e-02,7.695764163571630623e-02,8.235276873135957687e-02,1.166345901062032647e-01
1.399451164485367161e-01,1.036508390344158814e-01,8.089750350641577992e-02,7.158958005412334458e-02,1.277519801247113396e-01,1.651861300781699016e-01,6.941467916242799463e-02,7.518555005727077523e-02,5.974871275531023346e-02,1.066299087786180544e-01
1.267625527151250153e-01,1.106375115967734302e-01,8.816812747360215641e-02,7.911226647737283624e-02,1.263178673193799118e-01,1.605484406097840155e-01,7.166700453186940212e-02,7.762684846296240282e-02,6.505684255650437398e-02,9.410253825662645566e-02
1.135411040965014356e-01,1.168462031264409229e-01,8.542586935858469122e-02,9.147735410305153636e-02,1.301144573046585928e-01,1.173919199042722655e-01,8.387508282453735864e-02,8.137854656189391633e-02,7.388622425131789739e-02,1.060632384687413832e-01
1.399753720393340228e-01,1.202293415504796931e-01,7.695286963130335001e-02,6.500484272115662765e-02,1.153838693049573788e-01,1.910819258467949810e-01,6.209550133874960215e-02,7.237745689935666527e-02,5.963521361223757949e-02,9.726360705562998865e-02
1.331903364072652418e-01,1.140089290331752769e-01,8.615168598076813899e-02,8.533955661583154939e-02,1.134259365961976657e-01,9.843589691686936705e-02,8.239783939074844799e-02,8.303216157453727209e-02,9.009256603872560498e-02,1.139250914458814767e-01
1.252881941916307307e-01,1.178510039278545529e-01,8.256141707964538556e-02,7.953787485779494071e-02,1.220299064380374748e-01,1.314466785937642990e-01,8.441866109365854520e-02,8.195744619672037934e-02,7.095713083844233660e-02,1.039516867824513552e-01
1.298265310930844796e-01,1.130042127487880105e-01,7.538754175668063717e-02,1.011947961845984650e-01,1.122562441387129767e-01,1.150038285039577668e-01,8.536204202933413143e-02,7.310233592875792219e-02,7.198044434056911911e-02,1.228820232755164638e-01
1.042419447813620337e-01,1.176572492035615897e-01,9.590873403715735601e-02,9.539263794305349875e-02,1.027047403038841289e-01,1.148651268901847017e-01,9.080102675082014907e-02,9.982487444351856309e-02,8.585314795252144138e-02,9.275051769393652390e-02
1.476783064344323326e-01,8.597273084129311571e-02,8.505649160387251939e-02,9.548076770882098219e-02,1.126231330128550784e-01,1.020671949183478838e-01,8.585620243707808852e-02,7.466594899415439357e-02,7.365654661268139503e-02,1.369426774364642385e-01
1.279684172243313323e-01,1.268371577252017934e-01,8.103414243401320383e-02,8.311682862703341501e-02,1.287574400446657163e-01,1.146227110029807150e-01,8.024136265728819273e-02,7.713795729634481679e-02,8.034643335588041724e-02,9.993754963226041121e-02
1.440310280175207125e-01,9.294384038268976855e-02,8.475443733450827022e-02,9.376632583221720940e-02,1.244987808417377384e-01,1.123010839057451277e-01,8.884479313305129744e-02,7.110317706278798666e-02,7.178793730797894401e-02,1.159685961817629452e-01
1.278091361876076970e-01,1.000514787428004454e-01,8.839661299832118901e-02,8.518758042398646979e-02,1.272127923473215239e-01,1.306852427669698558e-01,6.531291151681498097e-02,7.445430546612888389e-02,7.368964576220322915e-02,1.272002937878457252e-01
0.000000000000000000e+00,0.000000000000000000e+00,0.000000000000000000e+00,0.000000000000000000e+00,0.000000000000000000e+00,1.000000000000000000e+00,0.000000000000000000e+00,0.000000000000000000e+00,0.000000000000000000e+00,0.000000000000000000e+00
1.237904551813839849e-01,1.017224348367990472e-01,8.868764477502166788e-02,8.313159061035174657e-02,1.375610372092509193e-01,1.319186405216276337e-01,7.304941484956699316e-02,7.506952482549951455e-02,7.192441005874675164e-02,1.131448471317517412e-01
1.472276881517991243e-01,8.621504054695740271e-02,8.424524276951865509e-02,8.193518493718340845e-02,1.180347221002546604e-01,1.544694738900944664e-01,6.697534166984059345e-02,7.668345166930744250e-02,6.613553880605216317e-02,1.180783154589920697e-01
1.456351014331742355e-01,1.019995741469047618e-01,9.112502894017125710e-02,7.901324442775035928e-02,1.253321262222967525e-01,1.080450499142589088e-01,7.968301272913390354e-02,7.643354432110650853e-02,8.217832555306803233e-02,1.105549923121352945e-01
1.270240377933457288e-01,9.809159690416445476e-02,1.074003232597975643e-01,8.039604751204441901e-02,1.004517347204999661e-01,1.202442674196074757e-01,7.348209155051139974e-02,1.069568232846794809e-01,8.072607449292004689e-02,1.052270030624294778e-01
1.237145824205841405e-01,9.602274811721436820e-02,9.558537529121663434e-02,8.769468005890120044e-02,1.105280774292774909e-01,9.335730212586074162e-02,8.398607246499488477e-02,8.755308930737110140e-02,1.019313781216362041e-01,1.196266946629432892e-01
1.044132420264938244e-01,1.191636268550072403e-01,8.716632479693077473e-02,8.134312960697033523e-02,1.147544567644142033e-01,1.459166895651287377e-01,8.327421840882748283e-02,9.536152387023677512e-02,7.117554106735764219e-02,9.743124703863295655e-02
1.343653074766417432e-01,1.127032070766305905e-01,7.352035930457379020e-02,7.634851000106274155e-02,1.437899084648691928e-01,1.044075775738427109e-01,7.770420722765140897e-02,7.173523241180991550e-02,7.871425454922917342e-02,1.267114359136887747e-01
1.277923707007908583e-01,1.124374404906584718e-01,7.723612709914645658e-02,8.481625288610546154e-02,1.264736242381362397e-01,1.177541706419893974e-01,6.855459916949445398e-02,7.662770499261493951e-02,7.775996771723771295e-02,1.305477420638259944e-01
1.178959919993393529e-01,8.819263901251071791e-02,9.372409125070559066e-02,8.497588835072772406e-02,1.021606584863013339e-01,9.005417479329491659e-02,9.863997216697310833e-02,9.363717402259755240e-02,1.109992227278187443e-01,1.197201871897308617e-01
1.190942345390375995e-01,1.122627733576728321e-01,9.510161454563666183e-02,8.032953592693438394e-02,1.292724900656680165e-01,1.124638432779188624e-01,8.381329855832654607e-02,8.552529383004546515e-02,8.263240668524830801e-02,9.950450921351125522e-02
1.131265642004476712e-01,1.211176528767693023e-01,9.131892897579627077e-02,7.841609959668031926e-02,1.203346621089674412e-01,1.458495528183057499e-01,7.514419091788060445e-02,8.365476507161417885e-02,6.943790428684898375e-02,1.015996791466894228e-01
1.507184870792615816e-01,9.080764928254354829e-02,8.165857559981401503e-02,8.552623913784240806e-02,1.098149497762022642e-01,1.238575961116972490e-01,8.019650615265157267e-02,8.307525208550679829e-02,7.342733841319158683e-02,1.209174063612889621e-01
1.313261057659448894e-01,1.217363696388577970e-01,7.897061723756051976e-02,7.633803061424536407e-02,1.395261818373378371e-01,1.487986278192992007e-01,6.466515891401466987e-02,6.954198185532489696e-02,6.451649762424847834e-02,1.045804286931663191e-01
1.264921001787736032e-01,9.540579276218183469e-02,8.022552617390939222e-02,8.449213227917425073e-02,1.268880297454516026e-01,1.281245613664559746e-01,8.352231235919439778e-02,7.725771038831950877e-02,6.812380329430582637e-02,1.294680314522336506e-01
1.148329807724605273e-01,1.298335397167957594e-01,7.989139633858152734e-02,1.005857008379622830e-01,1.121143382240826769e-01,1.193984000198714535e-01,8.340209583020949391e-02,7.964847601840725766e-02,7.433340780474512188e-02,1.059596644368839130e-01
1.575475022335777187e-01,9.539619181493699807e-02,7.921497271459489176e-02,7.886731038457073240e-02,1.091672001376463863e-01,1.054506406222022463e-01,7.412611023032558699e-02,7.421062122496274727e-02,8.127085103823217249e-02,1.447485995989505614e-01
1.282450863781551265e-01,1.077333156565905559e-01,8.157269047049714450e-02,7.511030164893231498e-02,1.394153071604648797e-01,1.464812948040126184e-01,6.973144872597528132e-02,7.724021758920000813e-02,6.932151124300732492e-02,1.051488263231647596e-01
1.350239482720395345e-01,1.026028605162341012e-01,8.687709506434240780e-02,8.890210220138791697e-02,1.277170791200618050e-01,1.240989412904259792e-01,7.099520372364695464e-02,7.489143815933899107e-02,6.783364448875602026e-02,1.210576871637662477e-01
1.341088829859539422e-01,1.086587461551720563e-01,8.457563090113082160e-02,8.417972624252967329e-02,9.959987052925023399e-02,1.491833956097491920e-01,6.679862531242718171e-02,8.091447328428902352e-02,7.423315379045326845e-02,1.177474951890445515e-01
1.173261375698100573e-01,1.003385046598946756e-01,1.091087123451228436e-01,8.357445373524886867e-02,1.183877076673060663e-01,9.138222728515092708e-02,8.412327340216944893e-02,8.969499306398084904e-02,9.879864946275419835e-02,1.072653408085620375e-01
1.251147188358653073e-01,1.173397149309151066e-01,8.418359683032072827e-02,8.106294513285952630e-02,1.327957851723776117e-01,1.193274489612505956e-01,6.886748461356972939e-02,7.554667757675130602e-02,8.143052826746281780e-02,1.143310996786273265e-01
1.344350453733633155e-01,9.162422975399467373e-02,7.839363793038259254e-02,8.287928905990789297e-02,1.196611561839687615e-01,1.009994256007750862e-01,7.634427518922418110e-02,7.809732149484580055e-02,8.812713086575481303e-02,1.494384885477828551e-01
1.000000000000000000e+00,0.000000000000000000e+00,0.000000000000000000e+00,0.000000000000000000e+00,0.000000000000000000e+00,0.000000000000000000e+00,0.000000000000000000e+00,0.000000000000000000e+00,0.000000000000000000e+00,0.000000000000000000e+00
1.278082015433574248e-01,1.285700307051825808e-01,9.080032220285250144e-02,7.458084769875872322e-02,1.386620366247894587e-01,1.237392349531872965e-01,6.850985202298844057e-02,7.794219983430827892e-02,7.603477683543677368e-02,9.335249757913856306e-02
1.388811931177478809e-01,1.376655410488564213e-01,7.543234060223925896e-02,7.277290356019058826e-02,1.462131691933445665e-01,1.126254621513395476e-01,7.046336291181039269e-02,7.576664035273567022e-02,7.030834567700437743e-02,9.987104138473126835e-02
1.197359827474742816e-01,1.341387344214297339e-01,7.937516050273904500e-02,9.706717186776681050e-02,1.227825889446619162e-01,1.084125802753744816e-01,8.139222802370030263e-02,7.246101315419251065e-02,8.136209972815854063e-02,1.032724403345023773e-01
1.267697183936874472e-01,1.066051617585424410e-01,8.584501121461228512e-02,7.998489318931717440e-02,1.258411526441363948e-01,1.077385860903832676e-01,8.203956941729757812e-02,7.743321325079281781e-02,9.387113568648110251e-02,1.138715583547495330e-01
1.311459890779869686e-01,1.694793584425676181e-01,7.258586011062509447e-02,6.813847502132608369e-02,1.310373671785901029e-01,1.126851351772097526e-01,6.586403285722342016e-02,6.834257086960331129e-02,6.821259597986720213e-02,1.125086152850004739e-01
1.358106898120864936e-01,9.675340442367223737e-02,8.957841146638839680e-02,7.778608695089167524e-02,1.039089838645759489e-01,1.456821171067949061e-01,7.578150950513382056e-02,8.917620425293536213e-02,7.245813807736033174e-02,1.130644545401607998e-01
0.000000000000000000e+00,0.000000000000000000e+00,0.000000000000000000e+00,0.000000000000000000e+00,1.000000000000000000e+00,0.000000000000000000e+00,0.000000000000000000e+00,0.000000000000000000e+00,0.000000000000000000e+00,0.000000000000000000e+00
1.127353511724030893e-01,9.759290900053395335e-02,8.518466484644765524e-02,8.024554471824169033e-02,1.218717421777600202e-01,1.251029680963157698e-01,7.436311685316313036e-02,7.914564444164369494e-02,9.146809148301955628e-02,1.322899672104714541e-01
1.430138760109641305e-01,1.146030552672519798e-01,6.861735814539210443e-02,7.436749483695327678e-02,1.596206278182763505e-01,1.357762544066957178e-01,6.652850086130253360e-02,6.252517885960297284e-02,5.931036284511917445e-02,1.156372909484417594e-01
1.207059608040168958e-01,1.080828243568382474e-01,8.364288172230649465e-02,7.734518222800551568e-02,1.315986265072346117e-01,1.239045181443212407e-01,7.930157563994838510e-02,8.132358069687604940e-02,8.789689231310265916e-02,1.061979575873499282e-01
1.405848396788629273e-01,1.118136676804417917e-01,8.798321508909297262e-02,8.184930251417468772e-02,1.244042659508192289e-01,9.947902282643854288e-02,8.514978960450270140e-02,8.380447066404245193e-02,8.488200527800332518e-02,1.000494207136213426e-01
1.310970669989818260e-01,1.012620536815409811e-01,7.799717997109383016e-02,6.612057148888175750e-02,1.140089061838338441e-01,1.920598632116066740e-01,6.585678603312403179e-02,7.639201337377107826e-02,5.928139625663877282e-02,1.159241628005272390e-01
1.402185333057328620e-01,1.064807661245338738e-01,8.083315550699121665e-02,8.939327713446941492e-02,1.309849394733345329e-01,1.214248412455875281e-01,7.455694039825010166e-02,6.989291945721289034e-02,6.700928365090184913e-02,1.192053437029857027e-01
1.151703779975762482e-01,1.194951244827306275e-01,9.094976367011144147e-02,8.896723620283514267e-02,1.116708408056429347e-01,1.194993742559530420e-01,8.472127424124321904e-02,9.679865279907240438e-02,7.860545926527505445e-02,9.412189627955989957e-02
1.296852143525246415e-01,1.135669521420093475e-01,8.236352102826621779e-02,7.977492016905760042e-02,1.254340745180053951e-01,9.855580295701420190e-02,7.437816735436615645e-02,7.670309291177378197e-02,9.789225612486933403e-02,1.216459984421132956e-01
1.333907015597350920e-01,8.883616107163141984e-02,8.509936625529014587e-02,8.835132319731475725e-02,1.150702204577726123e-01,9.551746972005938086e-02,9.175559477478600900e-02,9.530385897853255184e-02,7.967803990882016407e-02,1.269972640760578531e-01
1.269337134741346518e-01,1.365564967209942360e-01,8.380853980767639932e-02,7.950063253925061801e-02,1.204721946387578013e-01,1.028216998605050170e-01,7.670446807425977676e-02,7.685196498358885797e-02,8.637973979260990531e-02,1.099705501082227366e-01
1.225338489149957050e-01,1.004649165149154172e-01,9.488586157008124800e-02,7.677481791722810811e-02,1.417851387353229464e-01,1.341413041799346950e-01,7.246522049726009107e-02,8.209743799023741517e-02,7.568836333415142337e-02,9.916309034587293680e-02
1.268430893354723088e-01,1.177427932820972606e-01,8.213772400847964283e-02,7.731793565772432375e-02,1.117937277026647691e-01,9.662980775802765265e-02,7.611911710454481728e-02,8.543240221787296029e-02,1.053819810231399895e-01,1.206014219099763307e-01
1.314665981673011630e-01,1.070770234421685729e-01,8.102469098129463920e-02,7.615286151834238515e-02,1.301777059596093966e-01,1.040474774109255290e-01,8.107176221859016541e-02,7.765240503442377706e-02,9.243306855654047360e-02,1.188964067108038841e-01
1.462495824635959285e-01,8.406285597832058309e-02,9.374936839190504967e-02,8.603123041969447382e-02,1.221650744598250238e-01,1.022437574623584755e-01,1.020900231313311562e-01,8.081807633640115951e-02,7.565374661528524725e-02,1.069362847412828749e-01
1.356707209116264634e-01,1.222318383000043918e-01,8.115499889218186214e-02,7.935818321768643713e-02,1.305934981215104151e-01,1.408919432262339677e-01,6.894321958697316455e-02,7.164137990746177742e-02,6.523118119873967669e-02,1.042830366375818996e-01
1.167299477483600412e-01,1.066568129798415865e-01,9.898270063580817679e-02,7.966715993336362378e-02,1.178159641777995342e-01,1.329724493052736323e-01,7.669757452505847339e-02,9.369947384190466244e-02,7.566726745541428600e-02,1.011106493971759696e-01
1.268707453137596364e-01,8.475385030491155991e-02,9.905338006124063399e-02,8.679682562272458823e-02,1.079276474902582106e-01,1.016831001828744918e-01,8.332021526944188849e-02,8.584216336353563126e-02,1.006034794545005995e-01,1.231485929367527876e-01
0.000000000000000000e+00,0.000000000000000000e+00,0.000000000000000000e+00,0.000000000000000000e+00,0.000000000000000000e+00,0.000000000000000000e+00,0.000000000000000000e+00,0.000000000000000000e+00,0.000000000000000000e+00,1.000000000000000000e+00
1.643601743303747253e-01,8.950798157866024507e-02,8.080361566969192222e-02,7.636692759595334334e-02,1.528613153580221373e-01,1.242577556535885419e-01,6.885237647901316926e-02,6.502084223662761564e-02,5.848121730319970346e-02,1.194877937948686519e-01
1.688487961299675322e-01,9.906361006103092670e-02,7.717207809718308609e-02,7.239638230107454941e-02,1.135061657297313370e-01,1.316669489812112848e-01,6.195717366569327561e-02,6.916998280474248584e-02,6.912288127826059225e-02,1.370959809511049232e-01
1.004065936131132014e-01,9.435650344130827594e-02,1.065375798372410893e-01,9.281625936042936509e-02,9.483089354563255247e-02,9.492577828876980206e-02,9.237468294617759423e-02,1.202777374878140765e-01,1.055968270840993706e-01,9.787714439541470024e-02
1.061865807875478768e-01,9.588421054535649357e-02,1.007479020783584173e-01,8.709933054267141039e-02,1.044699588804333945e-01,9.276920186977626048e-02,1.075126145253444548e-01,9.151755845423910352e-02,1.089149358387795363e-01,1.048977064774931078e-01
1.203235383825136812e-01,1.031393191395494208e-01,9.536046211027290886e-02,9.563348598078350027e-02,1.076343034893167266e-01,1.228925743373394247e-01,8.130736966476878602e-02,9.028716804446340616e-02,7.947889968561176743e-02,1.039428791653804057e-01
1.352576754243105528e-01,1.103491800867152928e-01,8.528365746919756851e-02,9.080374733379455165e-02,1.078641693877754049e-01,1.235818430957781461e-01,8.017288463931702969e-02,7.923258183775971908e-02,8.141542663552057968e-02,1.060388340898311271e-01
1.587729658761916074e-01,9.792193012685258824e-02,7.953908986173861828e-02,7.110806269537744972e-02,1.389169397018866492e-01,1.242778544799571089e-01,6.735738827110197835e-02,7.861961845685613848e-02,6.774087100722511745e-02,1.157452795228128134e-01
1.346539827239190690e-01,9.232468990470625581e-02,8.340991172000752907e-02,1.019040179361069554e-01,1.085574954249538676e-01,1.128543505104843137e-01,7.842672202127201619e-02,7.476678279954708517e-02,7.900648298107904033e-02,1.340955639779237984e-01
1.568833280426822907e-01,9.648263005785605306e-02,7.940519840093011872e-02,7.377914777275519642e-02,1.278190235546857179e-01,1.489378699603835232e-01,7.660194017474919459e-02,7.656773979812474262e-02,6.048077317804581576e-02,1.030423490597874026e-01
1.316042537956236269e-01,1.218386821330543351e-01,7.960740600424666413e-02,9.702510867028746322e-02,1.230363442737716917e-01,9.285302834430979313e-02,8.723893010737279741e-02,7.838833822316602917e-02,8.480973021339500983e-02,1.035981782347725477e-01
1.641545848020547482e-01,9.742456251579451054e-02,7.861596671954348969e-02,8.302140313307447561e-02,1.195838168069648794e-01,1.045169864207269733e-01,7.923642744630741974e-02,7.962291819312482255e-02,7.196689581580217876e-02,1.218564381466065161e-01
1.352780648511134887e-01,1.102296214790399187e-01,8.597193016286680534e-02,7.620741364295462172e-02,1.363601806137572647e-01,1.306682098566079864e-01,7.726826335725180128e-02,7.457521220975285581e-02,7.241754865299844524e-02,1.010235551736567705e-01
1.361477299045729950e-01,9.857532329094145784e-02,8.226420175330338702e-02,7.892069187027832278e-02,1.413568332930636162e-01,1.421105573486454443e-01,8.157907550389857654e-02,7.386435041478379981e-02,6.449040955030237166e-02,1.006908270702100427e-01
0.000000000000000000e+00,0.000000000000000000e+00,0.000000000000000000e+00,0.000000000000000000e+00,1.000000000000000000e+00,0.000000000000000000e+00,0.000000000000000000e+00,0.000000000000000000e+00,0.000000000000000000e+00,0.000000000000000000e+00
1.285879836912227070e-01,1.037142993904872357e-01,7.978632010500087690e-02,7.857508867035495337e-02,1.682009325734323546e-01,1.123459938788495260e-01,7.578952919220652285e-02,6.991352449714620387e-02,6.471241017043261046e-02,1.183739178308670231e-01
1.241763046189534592e-01,9.369923454609202507e-02,9.076811522384459208e-02,8.270886897967949514e-02,1.357960873852817330e-01,1.199388569123283343e-01,6.823127469652531807e-02,7.825516664446754977e-02,8.143293869687227848e-02,1.249931522959552427e-01
1.198733292488696062e-01,1.134576476298276709e-01,9.430530265665303113e-02,7.881194318708568958e-02,1.022286870440978351e-01,9.981016838240891476e-02,7.940725874108274518e-02,9.005798294268080317e-02,1.134628618809414152e-01,1.085848182863523026e-01
1.234276079748612975e-01,9.057112841489443900e-02,8.549215075603444625e-02,9.164825118053457342e-02,1.026627609933511570e-01,1.090468054919647850e-01,7.809606400786163471e-02,8.388792978583903270e-02,8.977668948775943680e-02,1.453906119068991976e-01
1.505252188163836713e-01,1.120070493571229953e-01,7.022209769274623259e-02,7.536098313299378904e-02,1.071712559416889560e-01,1.398698015420226926e-01,6.376496940783654699e-02,7.677357757126103410e-02,6.997671388545088911e-02,1.343283326524931931e-01
1.336242817024480278e-01,1.120165816136367565e-01,8.256830864335520936e-02,8.674911759755372931e-02,1.267498559697524674e-01,9.561622520683983606e-02,7.999837303916938758e-02,8.388747504335371252e-02,8.804289585949744146e-02,1.107468853243934737e-01
1.668579480065878751e-01,9.277469980682177819e-02,7.142939292810823737e-02,8.785510491751373496e-02,1.199082631412770605e-01,1.150553078947276070e-01,7.138955674711013055e-02,6.534379897545274096e-02,6.719518371451446703e-02,1.421907438678863544e-01
1.235100608339752548e-01,9.766754567111288199e-02,8.587103246248115052e-02,8.963073996682860423e-02,1.393369221902491517e-01,1.115974948986376419e-01,8.228952563485818217e-02,8.238312891192199616e-02,6.917929471037212452e-02,1.185342547195630258e-01
1.472641785412409365e-01,9.670522813045295818e-02,9.198138740735355146e-02,8.484947303889614489e-02,1.184672504447627922e-01,1.258715005779033336e-01,8.397852787226089966e-02,8.243462084851244098e-02,6.858890298721027901e-02,9.985893015140671902e-02
1.365252316404743649e-01,9.214436072912464415e-02,9.171918668711896705e-02,7.345854075732501098e-02,1.188059584358012316e-01,1.193334082051315803e-01,7.061312750602874444e-02,8.508943981495280251e-02,8.740439659950488549e-02,1.249063496245377825e-01
1.145493613369446134e-01,9.535897414138533312e-02,9.160760444352857024e-02,8.877767797806633554e-02,1.010801767759384739e-01,9.101870979291604158e-02,9.986703119431465658e-02,9.601585541708297644e-02,1.104066412605664294e-01,1.113179676592566253e-01
1.327338507993779948e-01,9.645324561077006642e-02,9.063705472154053033e-02,8.527545986916018617e-02,1.287790789955436110e-01,9.026258068032105841e-02,9.791759889563382557e-02,8.258879670507375537e-02,8.855533782998457892e-02,1.067969958925944207e-01
1.252230742982116118e-01,1.279867218237758508e-01,7.561721744437102655e-02,7.302720911811481919e-02,1.470342053120511083e-01,1.390310896759020531e-01,6.677297249703496862e-02,6.634282040245950696e-02,7.433851717392070402e-02,1.046261722541583922e-01
1.136898523298182084e-01,1.197098296517262878e-01,8.900400372247571634e-02,9.180296660291528688e-02,9.905190002515064374e-02,1.126919150187013219e-01,8.550733838559916589e-02,9.865448442674933094e-02,8.264041477212240305e-02,1.072472950647415796e-01
1.358506996803273692e-01,9.598816380257768621e-02,8.533838350145567242e-02,7.588480858032511933e-02,1.368929929116477762e-01,1.209923087491529686e-01,6.506091847581899068e-02,7.632471006849256279e-02,7.379722887978154566e-02,1.338697853504202950e-01
1.396180934769447601e-01,1.338690761337152646e-01,7.241892221000359453e-02,7.363788013488058171e-02,1.450538467154215694e-01,1.052181438393517826e-01,7.029443004916399729e-02,6.848477548566600515e-02,7.031978703440698586e-02,1.210850449204454449e-01
1.236295245308419166e-01,1.015815817572670726e-01,8.162220884859291981e-02,9.318594017281263409e-02,1.164309965398465790e-01,1.244927426695753986e-01,8.431172593272499849e-02,7.671717184099302589e-02,7.798553774852785836e-02,1.200425699588176104e-01
9.862607056941861960e-02,1.139039632903905974e-01,9.202531440299965837e-02,1.025636298512592609e-01,1.102010604903241042e-01,1.116754708126269507e-01,1.013470339427355732e-01,8.917129307544366390e-02,7.953124325158854313e-02,1.009549203132129452e-01
1.260395271802901840e-01,1.052366509828935592e-01,1.020514560731807796e-01,7.350790716915281409e-02,1.303709418103273787e-01,1.291297370710741965e-01,7.986258236668633548e-02,8.663766447905446588e-02,7.395165611132996364e-02,9.321187675601036449e-02
1.301834884773371004e-01,1.122994682187575533e-01,8.619028797173508560e-02,8.192446774154345246e-02,1.356066747078861767e-01,1.426744571101068726e-01,6.759856951364219546e-02,7.111071900042888194e-02,6.738204660091566545e-02,1.050298206576470023e-01
1.273019979015281578e-01,1.074879094077039743e-01,8.217347106871329687e-02,8.395840967010882727e-02,1.310936797310072455e-01,9.559454112840981566e-02,7.692349316942888315e-02,7.749336992141157843e-02,9.511484059795839718e-02,1.228582874037298239e-01
1.891370457609391764e-01,8.677141131508699090e-02,7.912434019515658667e-02,7.495249698334549571e-02,1.260267717256345621e-01,1.259781561007269624e-01,6.970082924370532562e-02,7.225036812685328713e-02,6.217441650062134617e-02,1.138841640479302530e-01
1.234318109796762319e-01,1.231669150129831719e-01,8.206638313639502691e-02,7.874697379375002193e-02,1.534811577257614579e-01,1.032234461126421005e-01,7.075211917959134400e-02,7.307381286888912919e-02,8.170254571580172487e-02,1.103548354745097632e-01
1.309651265962640532e-01,1.289636027529874052e-01,8.817862571963273888e-02,7.276666221354885500e-02,1.233905135560350863e-01,1.264127627314549918e-01,7.625704854892888240e-02,8.091822580820524913e-02,7.626810197094333055e-02,9.587933010199940764e-02
1.107012298968582248e-01,1.262669125535765824e-01,9.511827621240144526e-02,7.989452644903512202e-02,1.253778476228492311e-01,1.123559493985921975e-01,7.906465651467495248e-02,8.950269439968057406e-02,8.889277619568780597e-02,9.282513075664380886e-02
1.334775622854345034e-01,1.082202436526786687e-01,8.466586930215770634e-02,7.592104846472264024e-02,1.162429845061739714e-01,1.486702180419451902e-01,8.347135604445229951e-02,7.710359201038941013e-02,6.409675728550891238e-02,1.081303684065366977e-01
1.428044595396527339e-01,1.105751940316495874e-01,8.039825920796320191e-02,7.807714240526594796e-02,1.033471197832730448e-01,1.490158732570976419e-01,7.169744296991524546e-02,7.761611276502003443e-02,7.022833343751826163e-02,1.162400626026443284e-01
1.118770597751670010e-01,1.167830487524010308e-01,8.551569455733068481e-02,8.457926113850197658e-02,1.427441413399720138e-01,9.923681120172253567e-02,8.205975238670860927e-02,7.990636227525720059e-02,8.944731962258993530e-02,1.078505489503489984e-01
1.280708231745024683e-01,1.144601930030505477e-01,9.320547331395281909e-02,7.674234407972611860e-02,1.255827867124946484e-01,1.150061933577656015e-01,8.403990289951329684e-02,8.784954959603546998e-02,8.068646278918976955e-02,9.435627107376926004e-02
1.210375094226714965e-01,1.110613583759733625e-01,9.871354559050783684e-02,8.028942606338321242e-02,1.109996277807216436e-01,1.212359591066768244e-01,8.086790922066651455e-02,1.040259187235058891e-01,7.922624327287970669e-02,9.254250244301351347e-02
1.389621054457188254e-01,9.856046900191597904e-02,8.626999316599014145e-02,8.356568704338636355e-02,1.162490302134699810e-01,1.372834256872570435e-01,7.301009826926886659e-02,8.088498369543294098e-02,6.722933033180014673e-02,1.179848771457596979e-01
1.283372428565137668e-01,9.680941988826219369e-02,1.006371584030524013e-01,7.623189736681694473e-02,1.165400984744183327e-01,1.470293601781725579e-01,7.503440611437646457e-02,9.017108144940637338e-02,6.987795464407044188e-02,9.933138062491050913e-02
1.282697678739049552e-01,1.295753154759338166e-01,8.615380327237039115e-02,7.668257203527845123e-02,1.288182908024101125e-01,1.176294508913167530e-01,7.267624669541146443e-02,7.922099528198209284e-02,7.943717209586281802e-02,1.015363855755291728e-01
1.564842772054008402e-01,9.686291483455181095e-02,7.369757549868603819e-02,9.038330471840476388e-02,1.144359754417178521e-01,1.097572125424076811e-01,7.555608062544906522e-02,7.209463353979431166e-02,7.298616537000134075e-02,1.377418602235863099e-01
1.371526412915912707e-01,1.067246412354086044e-01,8.653641926461973222e-02,7.560851100170365435e-02,1.289792216610015085e-01,1.283646002083478621e-01,7.849999974191766705e-02,7.854897489886851492e-02,7.237427582099956180e-02,1.072107148755415962e-01
1.586687822593087771e-01,9.882542602890165284e-02,8.367872225797760855e-02,7.969614015086758096e-02,1.366544851534635951e-01,1.248651588540026641e-01,7.706201640008530918e-02,7.163739566031263051e-02,6.238402196604451305e-02,1.065278512690356755e-01
1.325338018119999739e-01,1.170472471164249462e-01,9.260656593122852664e-02,7.581557401811318819e-02,1.295763087808447234e-01,1.108540080530591582e-01,7.386958644770828808e-02,8.076480509361949611e-02,8.699273912441607415e-02,9.993936362258565298e-02
1.254223840211035335e-01,9.517705661396404226e-02,8.714316136183167250e-02,7.833348631284513253e-02,1.221904978383074880e-01,1.129668228810931513e-01,7.864903027648584288e-02,8.213906175027640977e-02,8.979483542822831732e-02,1.281836635158644100e-01
1.442343933203313333e-01,9.859392763088636880e-02,8.837496232701458343e-02,7.577573447234355053e-02,1.380790010744828711e-01,1.113397915928172194e-01,8.070926235957767703e-02,7.879561913204374823e-02,7.779939328254881215e-02,1.062979148079537806e-01
1.470286231239641694e-01,8.863182815587890284e-02,7.950524067913153359e-02,7.283814969548091378e-02,1.276990023604201996e-01,1.226003337450263381e-01,6.672967451793324067e-02,7.375847814158460747e-02,7.640148345859476553e-02,1.448071861219853429e-01
1.032664854487379547e-01,8.812049153977911942e-02,1.045015241280002477e-01,8.535733983640669820e-02,1.003055205551289658e-01,9.135173277658747981e-02,1.119039905499810000e-01,9.948418944782265461e-02,1.124950604911955782e-01,1.032136652263602600e-01
1.176808996617868530e-01,1.206982673072693746e-01,8.586663540215620782e-02,8.760525555875452175e-02,1.261959773150188868e-01,1.292826285706080713e-01,7.639156815466092987e-02,8.210318779917712140e-02,7.243532699407446984e-02,1.017402532364935774e-01
