5.385500484182631498e-02,1.427739242565728428e-01,1.069086261559933360e-01,6.131720682448984355e-02,1.343502863026330985e-01,5.739462842401399367e-02,1.755241561277050555e-01,1.262614161361888809e-01,6.796858784101397766e-02,7.364616308956267732e-02
5.450685553478852585e-02,1.529114504556091658e-01,1.033290849536746131e-01,5.787325000964372440e-02,1.148199996816610391e-01,5.962407879119033249e-02,1.976750367054044000e-01,1.165817458352682023e-01,6.446262456945452135e-02,7.821587346330546864e-02
5.501306689262409899e-02,1.376771836875548272e-01,1.024666640047987715e-01,5.983800538586570017e-02,1.180318234604049027e-01,5.680555635511350121e-02,1.779210365576648356e-01,1.481124416773743069e-01,6.889392949330010174e-02,7.524029248529895408e-02
5.264979153105291826e-02,1.595298399969434233e-01,1.019981457807594000e-01,5.816475162349128009e-02,1.274136354489560641e-01,5.471301536569663643e-02,1.753871289635502984e-01,1.346390677635486144e-01,6.333114046708733513e-02,7.217348305891400917e-02
5.093194288185307755e-02,1.603906670014222935e-01,1.067341118315321830e-01,5.529896255373031172e-02,1.188113272094211831e-01,5.378483219420874401e-02,2.029325990553410286e-01,1.225771024963290129e-01,6.078525557443851396e-02,6.775319920172359622e-02
8.433563932672848151e-02,1.462291355158377992e-01,9.835328081429693670e-02,8.168023372816968219e-02,1.065400786238786673e-01,7.613419659126413608e-02,1.403296854849554465e-01,1.040765112317133534e-01,7.916844522584605415e-02,8.315279345730947069e-02
5.328972784072857904e-02,1.476705008053420254e-01,1.069476693347210655e-01,5.931310364731780943e-02,1.276569790025703088e-01,5.756313926726844971e-02,1.949773170974454517e-01,1.151654207453579187e-01,6.401168072411929366e-02,7.340446153512902860e-02
5.230723170740943229e-02,1.440994552115052729e-01,1.061490284597254169e-01,6.129435916939543483e-02,1.280066441141600175e-01,5.718012569519289462e-02,1.932679917653649104e-01,1.227822467553521535e-01,6.274166613341278231e-02,7.217125098848164999e-02
6.005420715708344875e-02,1.402652747759293994e-01,1.067628564784325190e-01,6.833400000802071494e-02,1.258757548895886869e-01,6.605765075214832527e-02,1.719152855329961482e-01,1.088463474214385468e-01,7.162015889306802552e-02,8.026846409129426152e-02
4.360993585435481851e-02,1.506017723468223435e-01,9.954827310096954485e-02,5.238660860160000016e-02,1.307544508089298063e-01,5.075071009774537178e-02,2.149544506966959978e-01,1.349624499126909072e-01,5.713528881646776081e-02,6.529605976372347687e-02
5.131395062406736429e-02,1.597411965289667612e-01,1.009124580912543756e-01,5.562108483051905750e-02,1.197266406342104711e-01,5.310369883506157324e-02,2.136991158305467375e-01,1.202564553446806433e-01,5.652335813331609005e-02,6.910204114737687753e-02
4.560640696334523903e-02,1.748278304756580581e-01,9.512199985128942659e-02,5.221650681512388786e-02,1.267168998653288858e-01,4.758881998665941138e-02,2.025079303384070828e-01,1.308525787507720528e-01,5.795611517470713320e-02,6.660491177870882240e-02
5.711835935364602268e-02,1.612272193267441367e-01,9.560336781391294558e-02,6.724158929292047004e-02,1.189782645817220458e-01,6.368109346385189551e-02,1.767457957609451236e-01,1.164801090863867017e-01,6.425688677950601446e-02,7.866731454036465787e-02
4.046481674768059866e-02,1.772716687984597084e-01,9.426650758591526014e-02,4.848921396816265744e-02,1.282940857401925761e-01,4.396916576293859874e-02,2.078204679948671973e-01,1.487477503177246640e-01,5.274265960991259689e-02,5.793366347414614925e-02
4.812126077974001465e-02,1.614338324332426911e-01,9.906526272514236398e-02,5.545763439632349356e-02,1.239965616264943754e-01,5.161860229867745037e-02,2.104164190957328873e-01,1.252930575919410372e-01,5.838574602983161166e-02,6.621162302287406098e-02
4.704256187946084106e-02,1.669930682314193504e-01,9.710391477328529641e-02,5.253195455796911412e-02,1.205983928604127675e-01,4.866922887066856690e-02,2.194379382679860213e-01,1.226713216302271342e-01,5.814754481659691054e-02,6.680407411197399059e-02
4.721115531477516197e-02,1.549917342726303271e-01,9.202439281057069043e-02,5.643308753916081999e-02,1.194042088367896215e-01,5.205770236646443949e-02,1.966260569368686872e-01,1.529720175855637521e-01,6.035554474296339622e-02,6.792409959421312482e-02
6.042116062954070582e-02,1.308310658801868920e-01,1.144591471976525859e-01,6.535292262755500181e-02,1.306232767969151276e-01,6.416200774542502039e-02,1.664647998580459920e-01,1.113649608612661407e-01,7.321859793121118787e-02,8.310206047220138059e-02
4.790511148399267255e-02,1.487592651443356562e-01,1.114970853108154525e-01,5.456484660767806083e-02,1.273091317328033101e-01,5.105259196744266897e-02,1.883942137093530811e-01,1.472184298278636505e-01,5.943556161716684327e-02,6.386376259854860404e-02
5.183915319820891349e-02,1.582521878198122345e-01,9.927230591572397400e-02,6.056064137329437991e-02,1.243221648108615712e-01,5.786443509393904977e-02,1.915410066400854427e-01,1.247420400548732572e-01,6.064278356683033833e-02,7.096328152637083886e-02
4.673970243168062283e-02,1.514388654821933744e-01,1.040165807709395596e-01,5.342019660677124054e-02,1.204649622843559087e-01,5.138800391423271885e-02,2.196254213784525067e-01,1.310982497131872038e-01,5.603620010394879530e-02,6.577181731423804856e-02
5.689202492945935608e-02,1.437615219237129427e-01,1.021599191732884687e-01,6.181130680450795667e-02,1.261938698299774342e-01,5.832114164647096005e-02,1.895573363085759078e-01,1.188120975050916267e-01,6.473520102874512350e-02,7.775558085017020282e-02
5.064048240744368351e-02,1.551704199267934514e-01,9.431456163948408189e-02,5.962962213468016304e-02,1.187947690442609366e-01,5.507471232246900078e-02,2.107292620586290743e-01,1.167240431508733411e-01,6.452078323229720747e-02,7.440134408306907365e-02
4.963924786494254560e-02,1.547187937171368710e-01,9.910455876994601898e-02,5.932314493306384273e-02,1.257756452003451486e-01,5.484385056989109219e-02,1.914556945658883735e-01,1.346030645902709655e-01,6.120208888161414451e-02,6.933391090690098346e-02
5.124541187579545465e-02,1.599214160864113887e-01,9.536000299302883898e-02,5.981626126961945428e-02,1.168228896241092635e-01,5.798905487458096836e-02,2.059527645081793146e-01,1.102060903539466424e-01,6.437068363576545216e-02,7.831542477856323625e-02
4.567582365398393379e-02,1.533784525282521349e-01,9.849640201276804730e-02,5.377976841693615784e-02,1.341951951474987248e-01,5.046330969645410752e-02,2.017490925108631206e-01,1.352967639607784989e-01,6.079662209064679718e-02,6.616856998181855354e-02
5.463205543644716194e-02,1.417205194782522326e-01,1.039104965276777121e-01,6.250271345244823307e-02,1.372189739518064333e-01,5.835379545181358651e-02,1.796178173630991193e-01,1.156661042412510665e-01,6.801425581081158023e-02,7.836326828639285369e-02
4.865411220283245852e-02,1.366206376846176296e-01,1.111499326070302246e-01,5.509948914227195960e-02,1.279951011414465767e-01,5.325321602552939015e-02,1.948466883191121157e-01,1.388600542942336202e-01,6.333788412866273032e-02,7.018288445426332234e-02
4.903344362599117157e-02,1.539137588734913187e-01,1.006110531537816460e-01,5.580190883815916436e-02,1.227298046327580383e-01,5.364529323368677494e-02,2.087955166701238596e-01,1.263240167904598199e-01,6.039730602021385619e-02,6.874789816133436426e-02
5.758686799334473971e-02,1.438403695445163999e-01,1.016235599397505296e-01,6.343800219218040382e-02,1.283378008228190092e-01,5.925497693065358285e-02,1.767007151110902841e-01,1.185085099927373348e-01,6.941092582215251106e-02,8.129827165075516338e-02
4.781870754725341816e-02,1.621238240141103237e-01,9.523461316429196466e-02,5.193199742867284086e-02,1.266836894679986558e-01,5.097990698054033487e-02,2.074442831995258196e-01,1.297209225398386345e-01,5.723906309996481395e-02,7.082299255780326319e-02
4.241810749741094927e-02,1.540604215028239243e-01,9.425548671454411775e-02,5.043380197410492205e-02,1.230870550112589390e-01,4.596221100632470052e-02,2.060643876861623369e-01,1.671432988033716149e-01,5.635727060637188424e-02,6.021795919762665261e-02
4.822771126814428405e-02,1.694271430523673627e-01,9.526682715727649575e-02,5.690500607577298614e-02,1.176256914588913183e-01,5.387972633078806639e-02,2.029072058797334599e-01,1.297676949155601167e-01,5.785608755051984547e-02,6.813690631094604377e-02
7.336095156260973027e-02,1.162794337159639702e-01,1.137692297686437870e-01,7.057905717739672291e-02,1.155041910493887769e-01,6.195080761024827909e-02,1.108793326027170401e-01,1.524450980704233349e-01,1.038480705296722789e-01,8.138382791293607976e-02
7.710620753931826665e-02,1.413065648730606472e-01,1.062700820783051558e-01,7.855556270716522460e-02,1.048648649086288270e-01,7.415702976726329387e-02,1.445210849216952420e-01,1.171782787967637213e-01,7.764471127117623939e-02,7.839561313662335440e-02
4.417621234962045007e-02,1.696843627375659025e-01,9.943135691859164571e-02,5.019623841983503199e-02,1.301719196018433500e-01,4.762637300302339366e-02,2.200288286431783535e-01,1.196718520584142270e-01,5.437752950085581599e-02,6.463532676707181568e-02
4.842776166532781340e-02,1.596148913784756485e-01,9.811072171971052525e-02,5.462071614591408608e-02,1.288288162112440072e-01,5.080636127586252854e-02,1.920214060716732285e-01,1.327639308182262945e-01,6.348817472243235838e-02,7.131721999113352362e-02
4.834758568691218533e-02,1.532870141458825552e-01,9.908568242827830996e-02,5.513052954406071765e-02,1.197979345920347632e-01,5.351340841365142403e-02,2.194509082007869705e-01,1.214000268395341031e-01,6.018198296676265796e-02,6.980492718209629910e-02
4.697922719338510494e-02,1.742250380071258542e-01,9.403784664993218578e-02,5.317245649504734328e-02,1.149190482847769063e-01,5.085703658453203518e-02,2.232912892024403462e-01,1.192241449535064307e-01,5.723198992316064215e-02,6.606192270609316519e-02
4.668319920873817419e-02,1.873421801513886764e-01,9.344715686501443852e-02,5.382270539147350485e-02,1.183591327245875624e-01,4.953575014695191236e-02,2.022758384352423555e-01,1.332514691602910695e-01,5.453187166631198041e-02,6.075069625000040219e-02
4.663991840801093997e-02,1.565227952554847923e-01,1.009071573838909441e-01,5.518554387082332674e-02,1.195021657921808284e-01,5.147221056465066391e-02,2.059723853447391617e-01,1.420459843372799125e-01,5.806757006964019530e-02,6.368426897329929059e-02
4.618219487832952996e-02,1.611843847378928163e-01,9.775654849259143853e-02,5.299812329043989551e-02,1.266510894853076219e-01,4.994068943737261373e-02,1.810331803497499947e-01,1.619986343550106900e-01,5.726260965096850036e-02,6.499254532233694759e-02
5.158911162801580602e-02,1.525977498716107883e-01,1.050929770619908193e-01,5.732515844120634335e-02,1.264284429719427227e-01,5.505728320961544853e-02,1.926535680178974586e-01,1.317131010056822593e-01,5.933909759529467504e-02,6.820351019674364412e-02
4.575230613299369892e-02,1.507337545007217949e-01,1.052425910677949189e-01,5.515525785353565802e-02,1.284854018306139101e-01,4.896928882140245270e-02,1.924053736005743864e-01,1.511651956116500939e-01,6.042920142397635586e-02,6.166162915673673722e-02
4.607908695962653622e-02,1.475725975201496454e-01,1.066441610793495282e-01,5.421136045299112388e-02,1.282801805664153805e-01,4.696452707201695387e-02,1.591621983066094925e-01,1.854677583865964874e-01,6.375168422148649872e-02,6.186644543475835339e-02
5.358743678501336205e-02,1.441838080219534635e-01,1.022161274124920027e-01,5.830258305203064179e-02,1.268593266273490006e-01,5.640052030576556824e-02,1.925652884220141192e-01,1.274681543353983204e-01,6.469179130244973042e-02,7.372496373553379112e-02
4.694261435746668876e-02,1.571136157798254385e-01,9.711064974467463473e-02,5.678558023449933878e-02,1.286131378933014213e-01,5.089560904830805338e-02,1.727409514145885339e-01,1.624726753530452705e-01,6.463652947762635326e-02,6.268863669666430161e-02
4.462696779550794773e-02,1.666411479555100217e-01,9.651686908310259938e-02,5.087885951155467212e-02,1.228921773904093073e-01,4.887917823332445927e-02,2.210227974358519587e-01,1.222816172189793715e-01,5.860113844976633929e-02,6.765924692599335766e-02
4.647149643986796252e-02,1.347358124599738194e-01,1.045878799185366720e-01,5.608983750868327955e-02,1.203957262586614063e-01,4.977634536635213575e-02,1.759912290127524925e-01,1.866683857519808032e-01,6.339933300663239124e-02,6.188395427655903058e-02
5.637049682872117412e-02,1.325499188950388374e-01,1.158517896791017021e-01,5.998913677702812780e-02,1.330904280979957055e-01,5.493166944789418249e-02,1.663774612905187245e-01,1.397061486242462125e-01,6.776103008784832571e-02,7.337192027160695240e-02
6.998905866773567908e-02,1.120760353681393706e-01,1.178758262675393825e-01,7.350427364761313864e-02,1.099628903326197171e-01,7.206304250747368190e-02,1.175666499847468488e-01,1.622601898471053572e-01,8.385197116927967098e-02,8.085006220774711150e-02
5.629159571112731658e-02,1.416039117580051299e-01,1.062443399676312461e-01,5.880177667792336332e-02,1.271009457866556502e-01,5.883080889613755138e-02,1.857866763022865686e-01,1.156456723435763112e-01,6.685466914066509614e-02,8.283960341599179433e-02
5.459871353835106522e-02,1.298575942154862883e-01,1.112327314842380122e-01,6.067800797075065256e-02,1.197265574682299105e-01,5.379718762702406093e-02,1.651113451744104788e-01,1.665140229532545146e-01,6.782908475727127129e-02,7.065475481098371091e-02
5.732922691751838468e-02,1.363566919572916092e-01,1.057024020260456804e-01,6.717967900641359791e-02,1.264248211637764574e-01,6.201216689302967849e-02,1.727226731304459251e-01,1.288205578195215639e-01,6.689222325268201486e-02,7.655955783327512976e-02
4.543525708945143210e-02,1.679567570606193272e-01,1.038720268578361833e-01,4.984909458079808675e-02,1.269842725087426683e-01,4.586079185267787073e-02,2.043399237530823809e-01,1.324290792542151818e-01,5.795817439017057759e-02,6.531462265240629839e-02
4.435720366828906081e-02,1.561173175938147251e-01,1.060967780839206648e-01,5.260897410740857788e-02,1.295579815544349034e-01,4.695020597556399944e-02,1.777941044514654290e-01,1.675588045148117267e-01,6.039096226140796414e-02,5.856766778888294889e-02
4.202252753443647820e-02,1.805947500303103082e-01,1.037669558384760882e-01,4.596053995838897399e-02,1.204422102761273511e-01,4.509361655268504659e-02,2.172613938057874339e-01,1.269093157321251331e-01,5.385075525641802585e-02,6.409793501524518877e-02
4.566513480061422381e-02,1.643311264320256593e-01,1.017383748720996073e-01,5.401541220323043124e-02,1.278802114688407376e-01,4.988939855009379143e-02,1.845599278789590569e-01,1.479246812367385755e-01,6.107230762265118684e-02,6.292342493474674392e-02
4.990929268645959843e-02,1.504674181053157478e-01,1.020745255706705518e-01,5.740224093319990645e-02,1.273679430874192497e-01,5.509811638399950834e-02,1.978447595492200950e-01,1.251739908451621197e-01,6.306405521041516526e-02,7.159765762813802281e-02
5.504458617085851435e-02,1.351864303394318123e-01,1.340033260233615409e-01,6.399933012672982813e-02,1.194465691278672331e-01,5.419507428350685274e-02,1.312835461806821091e-01,1.676432841684124819e-01,7.761488322908667581e-02,6.158297035006299325e-02
5.905037625432755372e-02,1.807958430246440484e-01,1.014467644132531904e-01,5.960466642675287668e-02,1.090129827210948588e-01,5.728297791678925444e-02,1.895797883972585585e-01,1.131067035953057937e-01,6.102360093741712732e-02,6.909629631315677978e-02
5.600834157752627301e-02,1.270747673925256005e-01,1.179877367299049795e-01,6.159182297982639803e-02,1.156106398165461513e-01,5.739984477642229993e-02,1.279341784822071171e-01,1.946191950922346869e-01,7.427432067539012361e-02,6.749915247741639091e-02
4.452778995459416578e-02,1.485072927428547906e-01,9.679162123021645137e-02,5.324609329690267734e-02,1.255748844325162428e-01,5.002330281298337372e-02,2.187258876557702236e-01,1.373134880017765624e-01,5.826920815924892250e-02,6.702043171313661063e-02
5.297814819012237886e-02,1.438870796092924509e-01,1.102932702878352683e-01,5.646171432534993068e-02,1.298939230927760036e-01,5.452990997801740458e-02,1.955310010041802216e-01,1.123197621199804597e-01,6.526712233201405200e-02,7.883806906043173968e-02
7.326620030524463867e-02,1.471565918816382934e-01,1.039488026557465056e-01,7.916455728563599747e-02,1.089245396280828088e-01,8.037169998340883137e-02,1.526978424859857519e-01,1.032726095692533819e-01,6.950371413245683139e-02,8.169344207254700119e-02
5.079535099016591060e-02,1.542803575591895071e-01,9.922936070002026654e-02,5.842830009259303986e-02,1.286215010925125801e-01,5.471813363444249373e-02,1.957164244872098280e-01,1.190119514606888945e-01,6.378640536695631691e-02,7.541221461622114874e-02
4.349080432789280415e-02,1.673347445597225813e-01,1.117646826481788758e-01,5.020508664064761428e-02,1.466212858677828634e-01,4.396984142176393190e-02,1.410613821570109450e-01,1.730363753456413134e-01,6.482332780592957311e-02,5.769246922542947686e-02
5.194364889458410323e-02,1.492197118206179673e-01,1.046516982716773209e-01,6.006036799561405293e-02,1.312637107578350504e-01,5.516097882823015053e-02,1.779279857017830591e-01,1.318505907961154688e-01,6.754730297188100974e-02,7.037400396166182404e-02
4.829639641165056618e-02,1.421217029665143849e-01,1.070780266742517584e-01,5.705791880721788889e-02,1.230615027114286691e-01,5.058225059463748730e-02,1.680232426464363382e-01,1.763057795810204775e-01,6.426799820530841589e-02,6.320518140153402742e-02
5.795790541959376652e-02,1.396590769352800965e-01,1.063741527695515332e-01,6.406559424752296394e-02,1.254228517252947150e-01,6.257096178016897936e-02,1.802204050962101789e-01,1.132417570646230970e-01,6.950651159672288637e-02,8.098078336503179708e-02
5.474814805439256332e-02,1.443173358473281431e-01,1.082737842421483548e-01,5.741458586166523631e-02,1.168689598151685660e-01,5.733740007365074887e-02,1.876407748716553414e-01,1.349920176397627902e-01,6.387581848224777037e-02,7.453117511198048550e-02
5.004144259373854986e-02,1.532665873382496047e-01,1.083596179541816834e-01,5.635712509837597500e-02,1.307825010845628799e-01,5.304434147069685829e-02,1.934955932061627748e-01,1.229704065908526073e-01,6.179628870970652749e-02,6.988609595347254622e-02
4.761930169924011996e-02,1.578853767931800434e-01,1.047927435012921404e-01,5.545930729963807759e-02,1.194241531686192903e-01,4.881149633012239059e-02,1.491301429860604211e-01,1.881199997556277925e-01,6.822307373545409559e-02,6.053440473076559386e-02
4.439793668882054123e-02,1.681606773382031406e-01,9.745578031117310691e-02,5.122406520009147729e-02,1.293320731174082139e-01,4.578239529744523167e-02,1.917305186311317189e-01,1.475750917678565477e-01,5.926290091365939844e-02,6.507856073421058873e-02
4.559202310311572665e-02,1.623826332204099387e-01,1.013581721152515130e-01,5.345926425174329227e-02,1.204644715437605818e-01,4.905887085274987514e-02,1.941726225089265567e-01,1.518541341742083439e-01,6.109504128964839131e-02,6.056276694018572493e-02
5.825885844796204610e-02,1.839328634211689906e-01,9.396807028390166683e-02,5.800259273451894432e-02,1.073021101163831176e-01,5.423308782426283087e-02,1.916582364952964523e-01,1.112906728511223048e-01,7.061936310316067889e-02,7.073414472222297467e-02
4.076772073930672036e-02,1.717279369218017437e-01,9.445559258390916202e-02,4.811686626338657763e-02,1.355378709756746847e-01,4.361848094683055954e-02,2.091084762973313138e-01,1.450415949356262391e-01,5.352753971480455480e-02,5.809792062132840273e-02
5.673667953810455911e-02,1.504809246757863039e-01,1.070166684607878060e-01,6.032606617011797984e-02,1.240560708886568608e-01,5.696752968657119165e-02,1.851163871193463872e-01,1.241343565993471842e-01,6.132521779335896317e-02,7.384009906792277089e-02
4.762282668896022225e-02,1.496964267763536971e-01,1.055792730454332973e-01,5.271967214583579003e-02,1.367765853848562363e-01,5.072952484481453583e-02,1.972052919440826502e-01,1.345142229068125306e-01,5.904496279603758252e-02,6.611121346681347877e-02
4.477006139717838035e-02,1.353399066499337278e-01,1.062637085743110416e-01,5.282051819256313591e-02,1.181234671666889779e-01,4.601555279499375956e-02,1.425218497850373189e-01,2.341626546677632315e-01,6.228574245215171695e-02,5.769653831937868183e-02
4.657417312151863886e-02,1.423982245099337240e-01,1.031696408191943720e-01,5.367335011325519156e-02,1.236813696136009333e-01,5.068954429716013982e-02,1.913140832760298893e-01,1.596404464028638448e-01,6.254630620041354283e-02,6.631286164602974431e-02
4.614821189625359366e-02,1.536764949769965360e-01,9.464365519557851880e-02,5.630413208610474118e-02,1.196233072306708972e-01,5.214801774492182351e-02,2.203004807281841726e-01,1.335616800699554463e-01,5.674556720668168935e-02,6.684845286465258829e-02
5.327215148796861366e-02,1.747774598370883115e-01,9.801154826907698681e-02,6.265192521279044913e-02,1.132115452761271041e-01,6.055953127337754954e-02,1.821396999875551093e-01,1.279168702566484406e-01,5.861152701618160127e-02,6.884774138318580650e-02
4.239469129385411983e-02,1.658012807360909335e-01,9.557175353189026334e-02,4.840337387384254647e-02,1.255097242796861523e-01,4.662221106447139024e-02,2.225704064445067631e-01,1.324457080173929713e-01,5.556153003244739680e-02,6.511932072581747000e-02
4.769692904599015515e-02,1.425744527096687864e-01,1.145606597189265941e-01,5.853998948233221644e-02,1.248103547871902697e-01,5.040559817400033782e-02,1.449141011136823309e-01,1.839813457715429035e-01,7.266540950532118792e-02,5.985115969134518349e-02
5.030059270830022217e-02,1.525723469094190099e-01,1.061315719205109254e-01,5.480846176587599039e-02,1.266026077809726258e-01,5.343839549554084412e-02,1.907189343653076241e-01,1.323122128539082898e-01,6.175010064616798244e-02,7.136477555399647899e-02
5.278217817798443179e-02,1.559187229768650429e-01,9.630452327476198005e-02,6.093495614160177737e-02,1.194750223335049322e-01,5.640232932400835592e-02,2.067455924471338913e-01,1.118624183788256704e-01,6.518766494353606111e-02,7.438659200177781539e-02
4.335773305441004838e-02,1.605506499642812557e-01,1.002965233047593274e-01,5.045374781786114704e-02,1.279769768666413898e-01,4.570692698471166132e-02,2.142007117104944847e-01,1.419817623919371607e-01,5.374856183976924051e-02,6.172640606513429135e-02
5.513873884925678953e-02,1.457371165603613405e-01,1.034789327829006567e-01,6.613696243855622658e-02,1.201876340705033686e-01,5.393822464902064268e-02,1.549784853407199792e-01,1.562301920621109452e-01,7.392430690691299822e-02,7.024940633965701120e-02
4.973479720031229179e-02,1.613121067044880619e-01,1.027795117947597064e-01,5.591987820949345656e-02,1.247274067755598514e-01,5.426983106159267295e-02,1.921972928838616146e-01,1.311511840894907799e-01,5.934848863576044214e-02,6.855950264468108069e-02
4.622739074186695690e-02,1.480617749945379591e-01,1.083412407936174549e-01,5.496962657251772133e-02,1.366354223963142378e-01,4.866120847328860022e-02,1.797699773398698520e-01,1.459494371545752567e-01,6.534961361683912229e-02,6.603430791657280419e-02
4.382911659232061746e-02,1.671518332491574998e-01,9.651746074600894842e-02,4.968513007024344397e-02,1.272214681993996677e-01,4.534444327439066807e-02,2.125531586034510312e-01,1.333429380607188963e-01,5.802384266913099276e-02,6.633060853517817879e-02
5.476061876513756838e-02,1.302675227673411040e-01,1.175355597650758338e-01,6.091566475134272546e-02,1.144937333300260068e-01,5.363018333358234024e-02,1.387192676729704088e-01,1.889130654936617137e-01,7.455518185220659511e-02,6.620920226865570357e-02
4.899778907380485105e-02,1.619863161847903688e-01,9.879333743118996758e-02,5.735486268598463666e-02,1.258547659491654480e-01,5.374492338338347774e-02,2.106129376610517689e-01,1.123649340085825371e-01,5.982868548632410549e-02,7.046144813572281784e-02
5.556879837992370619e-02,1.482166515203068580e-01,1.123914260608665783e-01,5.992281963731575095e-02,1.246046011803502440e-01,5.927719724799243584e-02,1.759005585684597361e-01,1.234405695328516239e-01,6.615529664662342380e-02,7.452208122530964984e-02
5.057861457400295024e-02,1.546248442918065069e-01,1.009485613693653916e-01,5.812671606958094705e-02,1.191686026257075537e-01,5.646076173614800880e-02,2.062068899884118567e-01,1.191019226375024664e-01,6.236174208038620242e-02,7.242134462708806064e-02
5.440536308985970820e-02,1.353469443541072681e-01,1.121416683832605204e-01,5.603088828464815319e-02,1.271981488043899544e-01,5.426581978914189058e-02,1.598676050559189321e-01,1.559369133518149209e-01,6.575465041378820985e-02,7.905199847307049776e-02
4.668074894433742184e-02,1.612348858211941349e-01,9.986992288126524120e-02,5.220668006963244401e-02,1.164285946226661927e-01,4.883750641916814739e-02,2.357576583057569841e-01,1.234467537274978877e-01,5.442172437977036564e-02,6.111552482871116659e-02
5.040347038196228008e-02,1.738731897003841509e-01,9.960047697011716050e-02,5.475865902714460026e-02,1.175504836720783763e-01,5.238783387848169881e-02,2.043065918402958148e-01,1.253335600449323461e-01,5.702099164633800399e-02,6.476474283826555434e-02
5.970391772131033309e-02,1.496532021512632649e-01,1.047385642408928813e-01,6.799217099839012513e-02,1.181881336902163293e-01,6.761391074869872730e-02,1.780582772631085220e-01,1.162123255022119717e-01,6.129284475099266993e-02,7.654665293291521011e-02
4.711247647628439422e-02,1.524488445617845078e-01,9.397114893525600199e-02,5.506949979691561081e-02,1.217062173480099041e-01,4.976897270094606668e-02,2.173337368816854465e-01,1.289344733293028011e-01,6.338384655541606794e-02,7.027078341439922660e-02
6.588201070106428081e-02,1.386298296728298851e-01,1.227943820380482387e-01,6.789706527312340534e-02,1.113902778351252981e-01,5.870095743462532684e-02,1.279864122449424213e-01,1.573813010926413125e-01,8.420409558405175798e-02,6.513366812354801083e-02
5.151776966248388517e-02,1.935966186754664309e-01,9.761699363269930874e-02,5.556150447228216244e-02,1.109184148556457555e-01,5.333544449275798988e-02,2.028576620077750525e-01,1.115218520722122547e-01,5.661658897961110298e-02,6.645715114906605714e-02
4.598024897375074804e-02,1.622235394594140345e-01,1.014631373141555715e-01,5.422755654820503313e-02,1.245778628029807905e-01,5.146519310916611301e-02,2.117618259511203360e-01,1.204396420001240392e-01,6.102433911354945839e-02,6.683665472753391734e-02
5.302013790479583738e-02,1.428033122679630562e-01,1.036981309677705576e-01,6.072316442321818580e-02,1.368587901498259929e-01,5.743030010565681326e-02,1.848842285774586480e-01,1.191649431442714652e-01,6.639071024096279694e-02,7.502628221807672304e-02
5.103212493708372127e-02,1.563785690677680362e-01,1.006821813058589865e-01,5.854949601516034469e-02,1.257478003211086881e-01,5.455138404090312254e-02,1.928378658353446240e-01,1.231628210500211595e-01,6.527364967860725675e-02,7.178410774814407425e-02
1.021181193062282444e-01,9.518141170201099843e-02,1.119644101364584560e-01,9.287412761258971583e-02,9.742804201843095757e-02,8.968310033823684302e-02,9.382974142180222632e-02,1.199919199074445247e-01,1.059949984300311843e-01,9.093412912676683557e-02
1.088777584251183761e-01,1.094976859610882342e-01,9.185576616104178249e-02,1.217967529422146894e-01,9.494234167295464988e-02,1.047611687945150943e-01,1.011496798005380449e-01,9.028001837179969180e-02,9.139726981139577322e-02,8.544155805933364989e-02
4.654924544070541959e-02,1.487614893301852925e-01,1.081616252926128480e-01,5.689951166607383481e-02,1.343601599036824690e-01,4.793322242401974048e-02,1.444415662096200648e-01,1.843232980639761542e-01,6.770604105829704233e-02,6.086384061082709268e-02
4.614351505685350407e-02,1.401507015069715922e-01,1.068160958375013875e-01,5.807321982749014122e-02,1.313654683099762244e-01,5.021877564918379722e-02,1.520783540978069281e-01,1.851943679946136123e-01,6.879311197705495484e-02,6.116638974254787892e-02
4.839416830001081610e-02,1.491886732139920402e-01,1.014533102748455679e-01,5.798175260200904430e-02,1.365312246495795079e-01,5.204723288246535656e-02,1.895022767395847241e-01,1.292129199517589033e-01,6.532396202794500673e-02,7.036447935780902607e-02
5.531924368359690536e-02,1.443373471718196466e-01,1.040158766257813228e-01,6.206970281470990808e-02,1.282404269855786094e-01,5.915776822894502213e-02,1.878321137318005041e-01,1.145624523815473028e-01,6.628666038117814185e-02,7.817840799504259530e-02
4.546508958129991118e-02,1.465459702181831358e-01,1.062102026630792478e-01,5.239557054612568182e-02,1.284699076218697167e-01,4.776132771386526477e-02,1.820878203235016257e-01,1.656542341718851841e-01,6.136450231463250193e-02,6.404537484555777871e-02
5.406211383094730594e-02,1.526937001694153584e-01,9.627449926369238686e-02,5.935180560245795212e-02,1.172281182720561060e-01,5.828361950615457143e-02,1.944748307906023488e-01,1.234886522450789059e-01,6.418713065749090396e-02,7.995552966210416057e-02
4.800514607321899885e-02,1.506269933004798778e-01,1.047049480984151432e-01,5.359029395899207043e-02,1.257146126696609412e-01,5.229895603604570870e-02,2.138183042257551236e-01,1.201376552083987248e-01,6.070479059565490193e-02,7.039829983337853037e-02
4.723037994083408020e-02,1.642564127423080389e-01,1.024815774065979540e-01,5.606690637943712724e-02,1.239833240885123838e-01,5.213156917664549944e-02,1.632471563816501325e-01,1.705850198043779853e-01,5.967064074264724627e-02,6.034701333698950371e-02
4.945542512428344889e-02,1.296482245831132307e-01,1.116342209005674463e-01,5.580612372846704278e-02,1.238954408847073446e-01,5.232579688609792501e-02,1.607116302976700217e-01,1.866022432686998411e-01,6.440190339897464145e-02,6.551899092741902964e-02
4.922065473464122543e-02,1.569603888128071056e-01,1.012213778429354449e-01,5.517554951348879050e-02,1.263854815344905291e-01,5.292918575666241687e-02,2.032074516097510941e-01,1.290043857725204912e-01,5.793650526391352917e-02,6.795901915878940769e-02
5.141506270418976648e-02,1.489614432340405636e-01,1.063794814861015459e-01,5.623757820232513222e-02,1.278196656237604312e-01,5.276968045088656356e-02,1.892325937559055371e-01,1.338159081809132123e-01,6.078634860913427473e-02,7.258223775274293132e-02
4.906728949833264602e-02,1.655287692556155488e-01,9.773387999403139459e-02,5.524922607307434369e-02,1.153968886341310285e-01,4.881801593528625055e-02,2.135105372353529873e-01,1.316831548729104906e-01,5.847537508337102841e-02,6.453686341789439951e-02
4.252141536539957162e-02,1.877209677737033677e-01,9.249731093377963620e-02,4.911558197522711278e-02,1.111683210248379239e-01,4.674839019111931560e-02,2.436493922826967473e-01,1.130464140968980707e-01,5.441669479602575382e-02,5.911551156031252807e-02
4.802039103696753575e-02,1.616013325383124644e-01,9.962934304968146249e-02,5.566793202716091571e-02,1.261215256236014604e-01,5.174153509127122491e-02,2.084673494441761643e-01,1.255410466559517546e-01,5.649932792795091252e-02,6.671021660492611194e-02
4.431142111115212584e-02,1.696211872139557209e-01,9.883434801990989560e-02,5.153670792962074254e-02,1.170353825135714704e-01,4.874230743940698857e-02,2.272349452552586413e-01,1.212227090708026117e-01,5.755043751279868142e-02,6.391055393352321201e-02
5.802916602622269771e-02,1.396492760132634348e-01,1.011428512987598977e-01,6.686091559806078832e-02,1.292851674489542690e-01,6.137879047014512673e-02,1.748873911194313013e-01,1.171502374920171119e-01,7.072834535224173380e-02,8.088785918090361793e-02
4.811027079888770958e-02,1.674063789259599422e-01,9.608122556530004910e-02,5.583865873170693744e-02,1.242288480174447013e-01,5.253673441188507626e-02,2.089580206905402027e-01,1.212154133534607686e-01,5.693398943006026253e-02,6.869046007475432258e-02
6.065521293732703545e-02,1.322100989551726336e-01,1.109228771123448032e-01,6.559897079885267102e-02,1.326546372646996430e-01,6.319355645270646749e-02,1.666548528978189225e-01,1.170517009625327010e-01,6.988984819342904109e-02,8.116824442511617888e-02
5.623474220239863680e-02,1.410981726689630178e-01,1.043802402234105808e-01,6.707125460039313480e-02,1.262885906458871832e-01,6.339223337399048364e-02,1.690184070540051708e-01,1.302463162745997882e-01,6.740506861350530066e-02,7.486497434284668240e-02
4.234520999563286259e-02,1.937409001441690315e-01,1.038339578641117866e-01,4.702521573153248952e-02,1.187564326468589365e-01,4.500780023019958914e-02,2.131466166876603285e-01,1.244106908851239229e-01,5.355285988996740659e-02,5.818031592474364605e-02
7.357116400531316103e-02,1.486222100885115915e-01,1.024074427667495402e-01,7.613913277422532100e-02,1.106148665725616709e-01,7.849098724676550898e-02,1.553251514155021551e-01,1.037480305771205091e-01,6.914581015957788068e-02,8.193520439367261987e-02
5.745285328121726987e-02,1.435424825326619691e-01,1.013118833408490072e-01,7.377533118697124359e-02,1.200891609318501113e-01,7.431588639799441287e-02,1.634963101684445974e-01,1.226166731139351485e-01,6.578564488804997112e-02,7.761377415802622748e-02
4.658957758459407461e-02,1.410265686097202931e-01,1.091059098008747702e-01,5.205808068236096597e-02,1.195389673694379901e-01,4.729975067354547785e-02,1.799587851457009335e-01,1.819926986432779115e-01,5.925064140165629822e-02,6.317902008883134746e-02
5.631584162698156232e-02,1.473972490524807499e-01,1.023591295463729400e-01,6.422978467880265108e-02,1.201071967081357578e-01,6.419052352574562692e-02,1.838435439391591097e-01,1.140604447369625574e-01,6.956780823109641465e-02,7.792847795426252611e-02
4.412617131640403367e-02,1.714573500107081372e-01,9.743682945225855263e-02,5.183927712198085902e-02,1.235861363673881053e-01,4.713079780209786240e-02,2.175728227768740919e-01,1.267878492712306293e-01,5.649011683515836602e-02,6.357264904589939036e-02
4.302021276242593006e-02,1.556833983054406456e-01,1.014423313022936313e-01,4.987497636618534042e-02,1.267889091652832090e-01,4.641721185625923701e-02,2.122388962371022092e-01,1.504427902290229879e-01,5.423760711577632621e-02,5.985366666021050414e-02
6.128712496967331919e-02,1.462175329372175370e-01,1.113389135870930385e-01,7.759232724712356033e-02,1.166977636338392271e-01,6.569939565459118058e-02,1.420427776088626637e-01,1.482767709475659446e-01,6.461534176978020461e-02,6.623205164425334524e-02
7.017805829815836061e-02,1.323679826420784411e-01,1.089803982877942112e-01,6.988696725732379544e-02,1.134123302162417107e-01,7.357140946120174774e-02,1.489166682049443968e-01,1.200955141538384702e-01,7.255958787999315651e-02,9.003108359842569575e-02
4.989980907598989129e-02,1.377365764350622079e-01,1.124915169973755708e-01,6.175776191129942611e-02,1.240005006009644722e-01,5.575218198840017902e-02,1.549823768451232264e-01,1.680060830253335413e-01,7.008517986364697083e-02,6.528801325680454182e-02
5.512231150129550533e-02,1.421202316546204270e-01,1.106328040568357318e-01,5.838267493256058677e-02,1.225315478041389960e-01,5.253692788082757470e-02,1.653345798296444458e-01,1.494484020251675982e-01,6.989859967841251243e-02,7.399192063649659423e-02
4.488087922869336138e-02,1.660102918217180035e-01,9.619601341377224946e-02,5.360044252596790626e-02,1.280693857758046228e-01,4.958439248863562299e-02,2.129894105336959942e-01,1.319118605362285257e-01,5.376197374027139042e-02,6.299534993521228865e-02
5.101705874273533559e-02,1.477377347960792675e-01,1.020354584411887616e-01,6.033784047729785771e-02,1.340956803331860847e-01,5.472224472113845772e-02,1.865418483073807698e-01,1.273007816520277946e-01,6.461631772786995132e-02,7.159503480109573326e-02
5.726035824328482710e-02,1.421033616060012605e-01,1.043917154187606611e-01,6.408611849972825625e-02,1.304373965085058318e-01,6.127030756830224162e-02,1.793085500925811759e-01,1.128060830202395753e-01,6.784835940141852040e-02,8.048774964117760833e-02
4.739673012093284510e-02,1.565821047263730448e-01,1.027173805660896305e-01,5.575748241714990200e-02,1.293887186149976498e-01,5.219457146554876137e-02,1.774162866654198922e-01,1.495928659493504786e-01,6.478042184872945253e-02,6.417343762540830832e-02
4.618789492123218793e-02,1.566859795703952618e-01,9.405117122271804131e-02,5.363158986234411313e-02,1.221676107635010916e-01,4.915878406128821460e-02,1.918689333955911347e-01,1.540230192897311667e-01,6.419691057434270820e-02,6.802810633885607305e-02
4.940595637183494565e-02,1.353681379383217531e-01,1.175069861148255179e-01,5.766983220691299095e-02,1.307410877989207132e-01,5.416956449757695524e-02,1.864504341144617439e-01,1.342847292628523703e-01,6.622934984487212351e-02,6.817392184942079603e-02
5.424254249919976956e-02,1.366749644937036157e-01,1.142134418151123654e-01,6.289356857150632529e-02,1.373430392488174667e-01,5.763284969598247293e-02,1.680692133219853224e-01,1.272936297300761854e-01,7.002008305383665421e-02,7.161666756977980164e-02
5.470409595052892066e-02,1.467603465155431497e-01,1.013167712507567625e-01,6.376265578366595299e-02,1.236248206147392281e-01,6.008602191807983772e-02,1.959656674084449823e-01,1.125654689053309510e-01,6.406121562280968351e-02,7.715293603010055234e-02
5.407595179788924483e-02,1.506460668553315230e-01,9.800301751761168745e-02,6.320724430069483979e-02,1.236796096376412135e-01,5.989073028015624856e-02,1.909697792195960142e-01,1.166077767701710899e-01,6.689034832048104673e-02,7.602947530042704349e-02
5.170461043141447166e-02,1.857299157724644767e-01,9.542862264397897198e-02,5.890264785707499673e-02,1.128823608357623631e-01,5.590663726396778721e-02,1.819794392341476941e-01,1.256703126759781408e-01,6.303785981568758856e-02,6.875759346952348139e-02
4.450513556527496001e-02,1.701943103865194706e-01,1.001388827271913612e-01,5.251887649696296290e-02,1.330582672405202505e-01,4.723948451162418571e-02,1.971334402797635110e-01,1.363780789802266080e-01,5.633716450111255630e-02,6.249635931080417539e-02
5.071649371293205505e-02,1.308693792271911349e-01,1.197261396891923790e-01,5.900770921466450686e-02,1.238743115180768045e-01,5.129288500166982734e-02,1.530375849872965821e-01,1.721129386713717846e-01,7.532026344848834210e-02,6.404229452911666676e-02
4.894636981620036770e-02,1.661842002703084187e-01,9.654086692455138285e-02,5.716375055832842444e-02,1.253729047368916660e-01,5.323949987710757670e-02,1.979707943935644643e-01,1.221760594429965319e-01,6.245340125104762580e-02,6.995215272900359715e-02
5.427762808007863260e-02,1.419254078878057490e-01,1.059378206257563793e-01,5.994614526407883448e-02,1.333572817100029950e-01,5.644283253016933732e-02,1.846244134222813083e-01,1.196540502877282974e-01,6.644684944599929532e-02,7.738757074609917130e-02
4.968689638834874328e-02,1.472755941871401186e-01,1.076123933680210587e-01,6.172039754598390715e-02,1.235388758618476829e-01,5.365867433182339857e-02,1.454229164377349448e-01,1.827706570826109489e-01,6.684197439094595461e-02,6.147162040554324941e-02
4.916186680687818777e-02,1.437420031751305838e-01,1.105394624150698724e-01,5.467432423788436135e-02,1.374713426997244414e-01,5.257722953600768578e-02,1.906054757325514604e-01,1.275894873545857233e-01,6.253040388042574449e-02,7.110840416174195322e-02
5.086976871065797268e-02,1.677403598272582952e-01,9.723434331328055513e-02,5.910022321783304361e-02,1.241295240982531328e-01,5.621115192145203360e-02,1.925610415145687926e-01,1.174078792957145012e-01,6.270901593217871606e-02,7.203669216880298487e-02
5.138462879730805455e-02,1.708853107829018669e-01,1.042751338920413356e-01,5.576616884991301287e-02,1.263412775386562881e-01,5.119330636257329176e-02,1.879898349356458054e-01,1.239943798019633031e-01,6.036089783544674320e-02,6.780906120355034705e-02
5.100848718379936281e-02,1.406175775579281140e-01,1.075016643437051861e-01,5.907466224660915671e-02,1.283764134169490256e-01,5.610892826785241622e-02,1.735091592556507190e-01,1.480355162032375160e-01,6.621929856443391216e-02,6.954829295983454285e-02
5.080469893303583145e-02,1.611062729747111677e-01,1.037010820039099973e-01,5.791299159064222657e-02,1.279746707630496916e-01,5.182318735462816683e-02,1.840220630809280555e-01,1.324712810731128454e-01,6.281254757666086819e-02,6.737120464932117025e-02
8.921310910998907218e-02,1.355007207287717563e-01,9.734250992565712801e-02,9.554667353539612884e-02,1.079603423519407829e-01,8.708913729558445671e-02,1.270592879303654998e-01,9.769274572671197976e-02,7.933115369621501767e-02,8.326431969936820554e-02
4.778177815212476115e-02,1.614120680614299919e-01,9.313196890035761732e-02,5.410453182801293337e-02,1.287455467384717445e-01,5.223418568697189845e-02,1.892969008990861568e-01,1.358154040756087422e-01,6.244108075593878676e-02,7.503653490199728437e-02
